35
3
92
79
89
27
6
25
33
44
13
14
35
6
24
97
50
56
43
77
50
86
95
86
45
96
58
70
47
22
61
16
41
27
73
49
52
27
33
75
0
9
12
93
83
81
99
85
81
7
69
22
81
8
90
86
97
63
91
53
15
73
52
59
96
86
62
27
12
85
8
57
80
86
80
12
65
46
6
49
49
55
84
15
14
19
26
92
23
20
95
80
27
66
33
13
35
60
73
40
24
29
82
99
78
87
24
29
88
35
42
2
31
57
49
20
38
65
57
19
97
11
68
76
31
7
2
47
82
58
80
34
53
43
1
30
52
1
0
48
52
38
44
37
16
64
47
48
89
87
88
97
65
9
20
24
94
78
17
39
53
68
42
97
63
74
7
16
0
56
69
71
95
21
78
49
38
13
66
88
70
42
62
42
97
89
31
81
60
93
54
83
80
89
72
87
60
4
13
87
60
31
46
7
54
70
68
50
86
83
67
40
62
52
74
4
43
3
95
27
2
37
87
50
75
5
20
74
39
28
95
94
66
70
83
39
27
78
84
60
77
66
1
39
76
34
31
72
37
12
62
2
27
82
46
40
98
57
80
27
42
89
25
49
57
81
60
73
66
37
52
59
89
87
76
26
9
88
90
27
90
88
71
81
28
68
81
58
77
0
84
81
9
16
2
0
0
49
90
2
55
35
69
11
60
53
16
69
16
62
63
32
77
17
90
36
81
75
13
26
28
54
66
65
2
38
56
36
29
34
40
62
72
32
67
89
0
9
78
35
62
27
94
71
36
21
28
85
45
55
17
2
87
48
92
55
62
17
97
91
15
71
82
40
48
84
13
31
79
38
97
45
22
77
26
92
86
28
20
70
13
48
52
44
74
49
89
26
83
30
2
7
77
72
85
81
45
90
57
51
0
68
53
95
21
62
76
91
62
17
90
83
56
34
21
54
33
46
90
63
5
37
42
51
29
22
44
40
39
52
65
64
74
88
11
20
75
64
4
85
90
16
3
82
11
40
49
35
52
14
29
82
19
6
91
55
94
68
59
42
23
44
14
82
35
9
26
85
47
13
82
96
97
6
77
21
89
88
92
76
43
65
20
30
86
45
23
99
20
18
50
31
52
48
59
30
18
92
78
46
41
19
65
70
91
94
98
48
3
64
73
91
35
68
58
8
53
53
3
67
11
77
14
87
36
50
70
54
14
16
79
70
42
64
71
94
52
45
86
65
16
17
18
94
94
19
64
35
17
16
6
0
59
36
62
5
88
59
81
80
85
58
98
98
82
29
86
16
52
62
11
86
77
79
81
39
25
88
17
17
69
13
42
60
43
8
74
78
2
24
61
95
90
77
6
22
76
82
55
4
47
45
27
79
65
54
71
68
96
93
65
0
6
83
37
61
29
56
59
25
74
23
66
87
73
1
99
69
68
79
85
54
76
51
89
58
17
10
24
88
36
14
68
72
87
43
88
50
76
84
88
55
91
77
88
12
78
67
97
84
0
7
86
43
57
11
38
77
16
11
87
23
23
50
91
10
57
74
79
47
56
61
97
16
30
49
38
10
9
18
45
26
49
12
80
30
18
14
81
8
31
57
25
14
79
77
9
2
64
46
94
56
81
47
90
96
78
89
97
49
74
94
14
13
26
37
28
2
81
95
34
16
90
20
99
63
14
32
58
92
39
20
24
66
35
16
80
66
92
16
33
74
25
4
49
26
48
41
2
21
43
94
1
97
16
87
86
92
74
54
34
39
18
48
2
23
19
38
22
42
43
25
82
32
30
56
8
20
78
30
61
7
0
12
86
79
57
4
29
40
85
96
46
44
98
26
76
9
39
89
84
74
4
18
60
99
45
48
61
41
69
2
19
78
64
32
70
89
18
9
70
71
9
8
81
50
3
13
30
31
36
24
70
48
6
65
78
39
10
6
11
90
0
74
74
79
75
11
72
36
75
40
3
45
44
33
92
99
56
3
23
5
78
95
57
80
62
79
1
8
97
30
55
7
5
34
23
67
73
16
5
32
67
59
78
10
80
13
21
68
54
3
53
83
97
11
64
72
87
5
41
90
42
91
87
95
28
74
1
17
87
75
71
8
7
67
15
43
43
76
2
24
0
68
98
38
22
55
67
46
38
97
2
86
65
33
98
18
62
54
38
21
51
53
84
17
10
84
72
38
71
26
18
85
43
0
67
12
59
88
91
51
23
12
71
30
86
37
89
86
22
26
92
27
90
61
24
62
73
58
19
1
59
56
62
60
54
41
75
27
